python3 ./goldmine.py 1 -p 4 6 5 35 1
12 7 14 20 4 3 14
7 14 6 6 14 17 14
16 2 8 6 18 11 18
4 14 5 19 19 2 18

python3 ./goldmine.py 1 -p 6 4 1 50  3
41 34 42 18
29 41 49 23
33 47 36 21
49 50 36 43
2 5 1 19
28 13 42 40

python3 ./goldmine.py 1 -p 6 6 1 50  3
15 18 17 15 16 41
3 42 45 20 44 40
7 7 4 8 12 48
5 23 31 9 34 4
49 12 21 33 27 43
10 50 31 2 7 26

python3 ./goldmine.py 1 -p 4 4 1 100  3
87 89 67 81
96 43 49 35
15 28 82 90
15 5 10 23

python3 ./goldmine.py 1 -p 7 7 20 200  3
165 184 54 69 116 53 91
70 123 62 129 129 44 50
67 121 88 35 130 142 123
95 163 50 148 41 50 101
134 61 130 30 116 34 171
158 26 99 135 114 43 85
92 145 84 55 172 161 185

python3 ./goldmine.py 1 -p 9 4 1 235  3
202 205 2 19
209 107 113 152
178 116 207 102
79 210 151 86
40 120 155 234
187 34 122 38
13 64 38 37
179 6 126 49
23 223 133 77
